$year1
                stratum  Estimate       LCI       UCI        HW      RM
1         Deforestation   75608.9   42782.6  114087.4  35652.40 47.15 %
2  Forest Deg (felling)  138442.2  116529.4  160110.8  21790.69 15.74 %
3     Forest Deg (fire)       0.0       0.0       0.0      0.00   NaN %
4    Forest Plantations  889780.3  775920.4 1048940.7 136510.15 15.34 %
5         Sum Emissions 1140560.1 1029266.0 1304006.6 137370.29 12.04 %
6  Forest Deg (felling)  -19115.6  -26139.9  -12603.2   6768.33 35.41 %
7         Afforestation  -91022.5 -207383.3  -50488.6  78447.33 86.18 %
8    Forest Plantations -165689.1 -191165.6 -137280.2  26942.67 16.26 %
9          Sum Removals -275827.1 -391724.1 -226514.7  82604.72 29.95 %
10        Deforestation   75608.9   42782.6  114087.4  35652.40 47.15 %
11   Forest Degradation  119326.6   95261.7  143038.8  23888.58 20.02 %
12          Enhancement  633068.8  453470.6  775604.8 161067.12 25.44 %
13                Total  864733.0  700360.6 1025045.6 162342.51 18.77 %

$year2
                stratum  Estimate       LCI       UCI       HW      RM
1         Deforestation   75608.9   43173.5  111643.7  34235.1 45.28 %
2  Forest Deg (felling)  132051.2  109218.2  155127.9  22954.8 17.38 %
3     Forest Deg (fire)   69651.0   57260.9   79579.0  11159.0 16.02 %
4    Forest Plantations  619678.3  549679.4  722061.3  86191.0 13.91 %
5         Sum Emissions  933718.1  852427.1 1046255.1  96914.0 10.38 %
6  Forest Deg (felling)  -32631.9  -43767.3  -21589.5  11088.9 33.98 %
7         Afforestation  -91107.0 -210065.8  -55445.6  77310.1 84.86 %
8    Forest Plantations -269446.2 -312196.2 -226665.0  42765.6 15.87 %
9          Sum Removals -393185.1 -519582.7 -340248.8  89666.9 22.81 %
10        Deforestation   75608.9   43173.5  111643.7  34235.1 45.28 %
11   Forest Degradation   99419.3   74392.5  124098.3  24852.9 25.00 %
12          Enhancement  259125.1  111276.2  366147.1 127435.4 49.18 %
13                Total  540533.0  399416.0  659759.1 130171.5 24.08 %

$year1
$year1$year
[1] 2023

$year1$EstFRLDefor
[1] 394121

$year1$GrossEmDefor
[1] 75608.9

$year1$EstERsDefor
[1] 318512

$year1$RpEstERsDefor
[1] 318512

$year1$EstFRLARefor
[1] -125012

$year1$EstRemARefor
[1] -91022.5

$year1$EstERsARefor
[1] -33989.3

$year1$RpEstERsARefor
[1] -33989.3

$year1$EstEmRemsFDeg
[1] 119327

$year1$EstFRLDegradation
[1] 486821

$year1$EstEmRemsDegradation
[1] 156055

$year1$EstERsDegradation
[1] 330766

$year1$RpEstERsDegradation
[1] 330766

$year1$EstFRLFPln
[1] 570777

$year1$NetEmRemsFPln
[1] 724091

$year1$EstERsFPln
[1] -153314

$year1$RpEstERsFPln
[1] -153314

$year1$EstEmRemsFDegNonProxy
[1] 36728.8

$year1$EstFRLEnh
[1] 445765

$year1$EstEmRemsEnh
[1] 633069

$year1$EstERsEnh
[1] -187303

$year1$RpEstERsEnh
[1] -187303

$year1$NetEmRems
[1] 864733

$year1$EstFRL
[1] 1326707

$year1$RpEstERs
[1] 461974

$year1$RpEstERsFDeg
[1] 52957.3

$year1$RpEstERsDefEnh
[1] 409017

$year1$ErpaPercentageClearERs
[1] 1

$year1$RpAdjERs
[1] 461974

$year1$RpSetaside
[1] 24304.3

$year1$RpPotentialERs
[1] 437670

$year1$RpBufferedERs
[1] 70027.2

$year1$RpPooledBufferedERs
[1] 21883.5

$year1$RpERs
[1] 345759


$year2
$year2$year
[1] 2024

$year2$EstFRLDefor
[1] 394121

$year2$GrossEmDefor
[1] 75608.9

$year2$EstERsDefor
[1] 318512

$year2$RpEstERsDefor
[1] 318512

$year2$EstFRLARefor
[1] -152792

$year2$EstRemARefor
[1] -91107

$year2$EstERsARefor
[1] -61685.1

$year2$RpEstERsARefor
[1] -61685.1

$year2$EstEmRemsFDeg
[1] 99419.3

$year2$EstFRLDegradation
[1] 480695

$year2$EstEmRemsDegradation
[1] 205799

$year2$EstERsDegradation
[1] 274896

$year2$RpEstERsDegradation
[1] 274896

$year2$EstFRLFPln
[1] 560168

$year2$NetEmRemsFPln
[1] 350232

$year2$EstERsFPln
[1] 209936

$year2$RpEstERsFPln
[1] 209936

$year2$EstEmRemsFDegNonProxy
[1] 106380

$year2$EstFRLEnh
[1] 407376

$year2$EstEmRemsEnh
[1] 259125

$year2$EstERsEnh
[1] 148251

$year2$RpEstERsEnh
[1] 148251

$year2$NetEmRems
[1] 540533

$year2$EstFRL
[1] 1282192

$year2$RpEstERs
[1] 741659

$year2$RpEstERsFDeg
[1] 66738.5

$year2$RpEstERsDefEnh
[1] 674921

$year2$ErpaPercentageClearERs
[1] 1

$year2$RpAdjERs
[1] 741659

$year2$RpSetaside
[1] 37007.6

$year2$RpPotentialERs
[1] 704651

$year2$RpBufferedERs
[1] 112744

$year2$RpPooledBufferedERs
[1] 35232.6

$year2$RpERs
[1] 556675


$MpGrossEmDefor
[1] 151218

$MpEstEmRemsFDeg
[1] 218746

$MpEstEmRemsDegradation
[1] 361854

$MpNetEmRemsFPln
[1] 1074323

$MpEstEmRemsFDegNonProxy
[1] 143108

$MpEstEmRemsEnh
[1] 892194

$MpNetEmRems
[1] 1405266

$RpNetEmRems
[1] 1405266

$MpEstFRL
[1] 2608900

$RpEstFRL
[1] 2608900

$MpEstERs
[1] 1203634

$RpEstERs
[1] 1203634

$RpEstEmRemsDegradation
[1] 361854

$RpEstEmRemsFDeg
[1] 218746

$RpEstEmRemsFDegNonProxy
[1] 143108

$MpEstEmRemsARefor
[1] -182129

$RpEstEmRemsARefor
[1] -182129

$MpEstFRLDefor
[1] 788241

$RpEstFRLDefor
[1] 788241

$MpEstERsDefor
[1] 637023

$RpEstERsDefor
[1] 637023

$MpEstFRLDegradation
[1] 967517

$RpEstFRLDegradation
[1] 967517

$MpEstERsDegradation
[1] 605662

$RpEstERsDegradation
[1] 605662

$MpEstFRLARefor
[1] -277804

$RpEstFRLARefor
[1] -277804

$MpEstERsARefor
[1] -95674.4

$RpEstERsARefor
[1] -95674.4

$MpEstFRLFPln
[1] 1130946

$RpEstFRLFPln
[1] 1130946

$MpEstERsFPln
[1] 56622.2

$RpEstERsFPln
[1] 56622.2

$MpEstFRLFDeg
[1] 338442

$RpEstFRLFDeg
[1] 338442

$MpEstERsFDeg
[1] 119696

$RpEstERsFDeg
[1] 119696

$MpEstFRLFDegNonProxy
[1] 629075

$RpEstFRLFDegNonProxy
[1] 629075

$MpEstERsFDegNonProxy
[1] 485967

$RpEstERsFDegNonProxy
[1] 485967

$MpEstFRLEnh
[1] 853142

$RpEstFRLEnh
[1] 853142

$MpEstEmRemsDefEnh
[1] 1186520

$RpEstEmRemsDefEnh
[1] 1186520

$MpEstFRLDefEnh
[1] 2270458

$RpEstFRLDefEnh
[1] 2270458

$MpEstERsDefEnh
[1] 1083938

$RpEstERsDefEnh
[1] 1083938

$McMpEstERsDefEnh
$McMpEstERsDefEnh$value
Estimate      LCI      UCI 
 1391052  1177725  1832852 

$McMpEstERsDefEnh$MCresults
   [1] 1470392 1292059 1577598 1734427 1622183 1488649 1320296 1489921 1352478 1323916 1509081 1340594 1278642 1522835
  [15] 1418044 1707223 1647968 1427239 1301633 1566505 1849175 1254109 1507105 1563605 1489878 1314684 1542112 1706506
  [29] 1579716 1718844 1447136 1977148 1224186 1298576 1768194 1489261 1614797 1670734 1887706 1375181 1677123 1863457
  [43] 1481185 1629739 1496875 1645150 1577955 1510523 1760449 1816575 1549978 1527296 1394552 1511124 1502295 1204497
  [57] 1404823 1294967 1463321  901546 1650945 1302959 1677879 1752461 1352866 1818746 1834676 1769863 1285856 1250474
  [71] 1674538 1237637 1604648 1401575 1752710 1429674 1528112 1452291 1604764 1558517 1492762 1391109 1517672 1452642
  [85] 1383647 1537252 1377168 1749807 1261376 1466722 1726521 1676323 1402007 1330996 1531093 1849876 1668974 1360177
  [99] 1409981 1636579 1232308 1322942 1647135 1345343 1825016 1941338 1374986 1511872 1580628 1832756 1649139 1643840
 [113] 1275501 1511301 1156533 1280478 1568265 1420104 1788406 1394964 1623658 1382497 1444183 1399910 1393355 1455269
 [127] 1479683 1695108 1179766 1526447 1696925 1129079 1241320 1418433 1380186 1080056 1280965 1373488 1488382 1600929
 [141] 1523461 1184156 1645351 1486541 1408835 1756416 1945598 1116888 1360183 1983470 1694626 1461728 1654014 1482431
 [155] 1697232 1108126 1341115 1304029 1077866 1320846 1604506 1253321 1446168 1413630 1507782 1615241 1729111 1715967
 [169] 1243778 1689467 1504343 1458576 1728903 1551243 1319997 1448529 1649997 1563302 1443586 1694147 1716521 1759437
 [183] 1242647 1671047 1363533 1322866 1661437 1378406 1686701 1522273 1302362 1197778 1330612 1559945 1602576 1651204
 [197] 1536814 1620064 1514487 1626418 1566029 1723235 1575599 1035572 1533439 1994809 1602895 1224630 1630606 1346108
 [211] 1597960 1319351 1294076 1393208 1156652 1590287 1637155 1683650 1644522 1405771 1698170 1511698 1578639 1328952
 [225] 1515596 2069344 1403823 1205389 1854411 1647070 1456026 1437220 1679922 1556547 1415813 1503573 1665929 1792162
 [239] 1557811 1079130 1812902 1288755 1530054 1631670 1633911 1781436 1772047 1235104 1679224 1506902 1330726 1686143
 [253] 1293186 1519052 1439042 1292794 1596330 1736295 1452947 1311316 1944265 1470876 1728053 1556899 1415105 1231164
 [267] 1139577 1384448 1414263 1448364 1493928 1373009 1391665 1599080 1125640 1152381 1525365 1509642 1556537 1806178
 [281] 1651795 1298896 1580866 1405178 1602105 1343855 1383774 1229864 1495110 1378742 1509007 1167635 1511535 1611108
 [295] 1313489 1604727 1393013 1555572 1563302 1350740 1230448 1474747 1573778 1652469 1570012 1424590 1293317 1634470
 [309] 1745606 1737827 1503813 1306753 1295050 1580736 1832095 1631833 1671435 1864945 1800525 1182979 1472263 1506959
 [323] 1577876 1248033 1711080 1498467 1596368 1515600 1213054 1609683 1618364 1368731 1519116 1381317 1602545 1469804
 [337] 1524306 1724179 1375558 1598206 1577031 1656982 1744038 1076807 1739021 1365592 1600480 1483891 1545523 1697572
 [351] 1757604 1663386 1800572 1097964 1366271 1664542 1446147 1420021 1568058 1771036 1594106 1505770 1582272 1632659
 [365] 1359173 1450703 1543364 1472956 1738321 1346207 1692552 1533356 1419142 1688300 1604632 1442890 1492451 1177960
 [379] 1235214 1688067 1314861 1249964 1168656 1254089 1335750 1585658 1564244 1511352 1866611 1490200 1655951 1596474
 [393] 1417777 1691200 1746573 1635346 1373185 1491144 1566579 1646214 1463637 1456337 1483924 1164323 1745553 1220195
 [407] 1521155 1506520 1589739 1443789 1419785 1303397 1322013 1401637 1272342 1521652 1750185 1298408 1294882 1343210
 [421] 1243409 1668424 2005991 1520935 1445593 1565713 1672658 1241552 1307056 1491892 1217959 1605189 1944964 1717267
 [435] 1597578 1543192 1499181 1553246 1808538 1776953 1638581 1361867 1767120 2138447 1779044 1289616 1753222 1473735
 [449] 1327431 1491085 1180682 1559751 1831025 1417089 1226832 1554732 1482672 1943623 1537469 1397442 1364664 1350113
 [463] 1612241 1210865 1606613 1703581 1562292 1464041 1455674 1419116 1547465 1235794 1550022 1159968 1112135 1711331
 [477] 1262081 1720836 1542423 1491269 1783587 1434279 1364534 1370971 1264514 1663171 1747213 1814675 1582086 1054432
 [491] 1570614 1700500 1372486 1383493 1694716 1452423 1292395 1562844 1545641 1763963 1537265 1453128 1768096 1739236
 [505] 1577864 1232000 1604993 1685119 1560630 1225512 1239818 1375648 1470975 1520958 1707438 1291181 1600935 1739898
 [519] 1571521 1402292 1590699 1265377 1514564 1652665 1667074 1772333 1514348 1498639 1618912 1814684 1691202 1277790
 [533] 1794335 1338927 1851607 1223469 1300931 1385592 1621209 1805487 1725702 1348929 1278615 1614687 1467520 1543276
 [547] 1629815 1308549 1829108 1161145 1556571 1184449 1302948 1224290 1640513 1824783 1391140 1177733 1728168 1247738
 [561] 1583357 1456638 1468767  993587 1478294 1263531 1720106 1603707 1893339 1763954 1334666 1261103 1360760 1433557
 [575] 1460113 1455423 1455974 1344852 1531267 1514674 1559984 1738127 1363105 1454981 1910974 1302276 1750329 1490314
 [589] 1162508 1637998 1469805 1696468 1517489 1414136 1469386 1586912 1265481 1837790 1515056 1476764 1388070 1703252
 [603] 1993128 1625939 1551532 1920160 1436190 1534422 1301657 1611661 1770139 1049985 1872541 1935033 1672706 1247370
 [617] 1641052 1582814 1248283 1411853 1333055 1790759 1423722 1528797 1895667 1256670 1893474 1404899 1195437 1443588
 [631] 1543135 1727904 1042038 1642933 1435368 1838972 1659706 1446371 1528867 1499918 1235560 1963280 1426000 1775377
 [645] 1459424 1727182 1499243 1636150 1439101 1345889 1332590 1715503 1653405 1605775 2081686 1454149 1701900 1579178
 [659] 1332321 1496621 1180155 1700718 1496798 1540029 1334542 1793935 1664339 1804962 1140113 1293805 1555588 1409042
 [673] 2002266 1675349 1519375 1232844 1229064 1206725 1471735 1611859 1337318 1388524 1338760 1497336 1421186 1407550
 [687] 1591673 1762191 1706193 1379502 1771858 1749589 1509080 1188569 1987403 1397080 1567288 1160154 1534670 1598494
 [701] 1488818 1528418 1835954 1523655 1719329 1275276 1456070 1628439 1574331 1685631 1640604 1228290 1189015 1838273
 [715] 1671503 1569827 1421313 1583251 1533775 1083841 1651072 1630391 1137542 1086654 1139186 1166837 1637638 1622389
 [729] 1358567 1349205 1059104 1826019 1566010 1286925 1459811 1800310 1477165 1794308 1791632 1516659 1551979 1223698
 [743] 1726438 1432386 1038843 1548352 1724831 1527365 1399679 1180541 1382456 1435703 1558483 1442933 1885699 1897449
 [757] 1452416 1532988 1551611 1479351 1405545 1522494 2002916 1584320 1349654 1486453 1423817 1413412 1729128 1606791
 [771] 1605758 1658720 1727695 1534758 1042019 1429239 1463229 1395393 1502410 1567617 1772726 1335640 1444102 1808468
 [785] 1317705 1440130 1775439 1580150 1695254 1746307 1489966 1577483 1574721 1612436 1788452 1705599 1430370 1149473
 [799] 1358079 1605974  986013 1420221 1412577 1318148 1332057 1206858 1296689 1829579 1290149 1329583 1593806 1568446
 [813] 1052209 1428295 1578139 1497219 1328117 1324610 1353062 1773012 2020148 1849559 1560048 1367798 1459528 1306425
 [827] 1425995 1215858 1508119 1530077 1487861 1622404 1632706 1492242 1598438 1685265 1346528 1665371 1481538 1801199
 [841] 1285106 1348750 1372286 1380027 1875599 1417302 1598191 1686028 1267065 1471730 1844854 1121642 1638886 1529414
 [855] 1460047 1286210 1388423 1535388 1678811 1507645 1355164 1837952 1676747 1224823 1477622 1576669 1507241 1461605
 [869] 1254589 1617295 1812436 1274073 1505452 1800309 1345791 1132286 1415598 1406136 1458368 1728873 1505762 1814308
 [883] 1602063 1879270 1483881 1424328 1160568 1498570 1238688 1241946  995203 1560348 1424310 1397538 1435638 1837641
 [897] 1890320 1051005 1848651 1396055 1205780 1522508 1807550 1379685 1740655 1597403 1382836 1178686 1149171 1695660
 [911] 1779588 1595406 1640714 1450930 1404144 1464016 1634510 1230052 1836090 1241442 1594826 1217040 1318152 1723218
 [925] 1499870 1533443 1177884 1373718 1774658 1518918 1807587 1689724 1386552 1423989 1673902 1359215 1555683 1235506
 [939] 1638775 1753602 1230486 1431938 1613372 1717902 1790140 1513786 1203114 1542003 1176571 1730679 1444374 1108580
 [953] 1386042 1361065 1819258 1920162 1441935 1672468 1346442 1551697 1627919 1319063 1254772 1608478 1408289 1177570
 [967] 1116106 1812564 1250808 1615556 1456752 1553974 1471647 1649079 1446650 1701328 1694734 1615585 1527359 1507711
 [981] 1625210 1470399 1566047 1591463 1574656 1418995 1441446 1282694 1591701 1714812 1671339 1284558 1133056 1196489
 [995] 1349402 1325905 1426515 1725673 1562919 1305130
attr(,"debug")
attr(,"debug")$summary
   Min. 1st Qu.  Median    Mean 3rd Qu.    Max. 
 901546 1364631 1509044 1507122 1646428 2138447 

attr(,"debug")$total_runs
[1] 1000

attr(,"debug")$samples
     Runs         v
[1,]    7        NA
[2,]    8   4966.75
[3,] 1000 149237.39

attr(,"debug")$lci_samples
     Runs       v
[1,]    7 1300530
[2,]    8 1301236
[3,] 1000 1260065

attr(,"debug")$uci_samples
     Runs       v
[1,]    7 1700754
[2,]    8 1697948
[3,] 1000 1742916


$McMpEstERsDefEnh$UCModel
$McMpEstERsDefEnh$UCModel$median
[1] 1509044

$McMpEstERsDefEnh$UCModel$UCI
    UCI 
1832852 

$McMpEstERsDefEnh$UCModel$LCI
    LCI 
1177725 

$McMpEstERsDefEnh$UCModel$halfWidth
   UCI 
327564 

$McMpEstERsDefEnh$UCModel$relativeMargin
     UCI 
0.217067 

$McMpEstERsDefEnh$UCModel$conserFactor
[1] 0.04



$McMpEstERsFDeg
$McMpEstERsFDeg$value
Estimate      LCI      UCI 
  168705   108460   222442 

$McMpEstERsFDeg$MCresults
   [1] 155467.0 137245.2 197669.8 141922.0 191955.0 215914.3 148718.0 175078.6 227149.2 138262.5 137918.7 211055.7
  [13] 214690.0 229449.9 171944.6 212422.1 166138.1 222781.2 166180.1 170882.3 188876.0 170066.9 185025.4 129620.4
  [25] 173135.1 156091.1 188850.9 126916.8 123501.6 174095.9 163329.2 126342.6 199802.8 165083.4 122006.9  85167.7
  [37] 175707.9 152973.1 148303.0 132480.7 132036.5 180286.1 162672.0 181274.4 190866.8 141760.7 167699.3 115208.6
  [49] 115071.4 156742.8 187527.1  94722.7 154460.6 152021.5 205698.9 169797.4 161954.5 172892.1 173466.3 194850.4
  [61] 177757.4 169464.4 109701.9 136776.3 191591.4 177757.0 178036.5 154523.0 222306.9 178812.7 140361.5 143991.6
  [73] 150558.5 167234.7 230651.0 250544.8 166529.6 155350.7 138875.5 145698.8 213588.3 173788.6 178223.9 187443.5
  [85] 148206.0 123894.4 163737.3 166092.2 141273.5 229512.9 177504.2 213269.4 211887.1 188963.5 145559.1 119171.8
  [97] 163539.5 196710.1 218534.8 119784.0 149508.7 179476.3 114334.9 137888.7 129513.3 154613.8 206799.3 195539.0
 [109] 177458.7 204709.6 178977.1 127908.9 202085.6 168607.3 185587.6 159547.2 205003.9 161885.4 147580.6 169670.0
 [121] 177001.3 175184.6 155659.4  99505.8 209120.6 143779.9 142588.8 247084.8 150395.2 225570.2 145527.2 166794.6
 [133] 177481.7 195060.9 184853.8 153974.9 161177.4 104649.9 151792.8 123270.9 137070.9 198553.1 172652.8 173467.6
 [145] 165272.0 144440.4 189812.3 234400.8 145467.1 173318.1 210124.0 146397.8 144699.2 147439.2 200106.4 135969.5
 [157] 158024.8 189624.3 146291.3 152575.7 181643.1 188459.9 185728.8 195373.9 187000.4 161480.5 168704.3 184211.2
 [169] 174563.1 175933.0 125264.1 257527.6 159149.4 116732.9 189874.6 182409.9 155538.0 189739.4 137648.6 142670.8
 [181] 108934.2 153238.6 209150.1 172603.9 194810.8 153490.3 204611.4 212146.7 197186.5 190258.7 148462.3 165936.8
 [193] 172551.5 172298.5 195924.9  88693.9 145440.4 157213.4 144563.1 102239.1 142586.8 183596.5 157084.3 182050.1
 [205] 209164.7 176840.7 128810.3 183700.7 195446.3 153175.6 169292.5 174414.6 194188.0 199174.4 109854.0 145498.4
 [217] 110350.7 167353.2 106228.9 198418.3 108354.3 159631.2 167750.6 192518.7 139426.4 160030.2 154345.2 129737.4
 [229] 145216.8 133050.2 182150.1 145774.2 130576.9 178232.3 146199.5 140434.0 153221.3 222532.3 233630.1 125656.5
 [241] 150235.2 157998.0 192875.3 157966.6 159374.2 217695.7 134915.8 176921.5 133492.4 142347.7 160242.6 111773.9
 [253] 138375.3 181917.5 153959.7 131919.1 151824.7 132997.9 177924.9 171115.7 196811.2 167217.8 155499.3 179415.1
 [265] 195452.8 166083.7 174335.0 180837.1 165091.0 159482.8 247867.1 139194.1 122065.5 203069.7 220988.7 183866.3
 [277] 140619.3 201854.6 168298.1 223060.5 188310.5 250456.6 132667.7 147130.4 175023.7 135795.9 188841.7 141932.3
 [289] 126470.9 189468.2 176624.5 224753.6 154504.7 172400.5 121812.1 162713.1 220755.0 126571.4 196493.2 118920.6
 [301] 184800.9 152913.3 170463.8 178699.6 221430.7 152280.6 180937.5  77361.5 151853.4 177603.9 193096.9 153203.9
 [313] 172129.9 174304.0 140110.8 159600.3 206404.9 196343.6 130219.1 157217.2  72664.9 170038.3 101136.0 156365.5
 [325] 173496.5 188919.3 124946.8 151556.1 189214.1 175048.6 182796.4 140877.9 172045.0 151904.7 215585.2 154210.1
 [337] 128867.3 162615.2 125041.2 116868.1 120048.4 184043.5 100843.6 152612.0 128681.3 208198.5 168705.9 184266.5
 [349] 172601.7 170811.2 148272.6 128293.6 117267.3 163598.6 170776.5 111591.7 152811.3 150707.2 143884.3 210702.0
 [361] 225447.0 114184.2 125074.1 173212.6 100847.6 108085.4 162213.5 130438.1 146877.8 135042.9 208968.2 156616.1
 [373] 128252.6 103501.7 198797.3 212243.5 179679.5 135378.4 190330.3 124292.4 190564.6 216715.4 155281.2 176151.4
 [385] 124860.3 156597.0 240124.1 174445.5 202633.1  98538.6 151159.5 250809.9 153400.6 185157.7 194718.4 163812.3
 [397] 189365.4 198183.2 168473.1 234171.1 183895.9 194106.9 141895.3 151395.3 119910.9 146491.6 173508.1 202228.8
 [409] 167378.2 212737.8 167190.2 137655.9 133175.7 167432.5 158240.6 190999.8 259351.5 154259.6 215790.6 187649.8
 [421] 121781.1 205611.3 182762.0 185914.7 168206.8 108864.5 158882.4 148255.9 164223.3 111359.6 195610.5 181660.0
 [433] 136037.7 108465.9 227099.6 135532.6 172313.7 128232.6 173624.7 123908.6 167510.1 240199.2 145380.2 194151.7
 [445] 203597.2 126023.8 164731.1 201648.4 165592.7 211468.6 141031.6 189697.9 203876.8 171838.8 128465.1 162111.7
 [457] 177987.6 179911.0 146407.1 175594.2 168449.9 103383.2 146084.4 106187.8 176988.1 173212.7 156459.8  95002.2
 [469] 143790.5 150626.4 178160.2 204919.8 217714.1 164938.1 133819.4 164902.1 150057.8 180994.9 144173.3 247005.6
 [481] 215920.7 127117.7 189084.6 147282.2 152084.5 170986.8 179269.9 204037.1 217686.6 180029.9 207957.7 157629.9
 [493] 166766.3 137114.4 179219.8 147904.5 241311.3 156975.4 222734.1 132561.0 140529.8 195233.7 221626.9 220325.9
 [505] 224502.7 117126.5 173314.6 216138.1 168205.3 141237.4 133631.5 132193.6 133876.9 141843.8 118949.8 166637.5
 [517] 179696.6 171676.8 133850.5 191133.8 125932.9 171710.2 138761.8 185803.0 114196.2 130093.7 166947.2 168100.9
 [529] 207547.5 206198.0 154428.0 178635.7  86719.3 192563.0 168536.1 229654.5 169047.9 177394.5 200404.0 135410.8
 [541] 102502.2 167610.3 182611.1 154799.7 183881.0 142767.0 157573.5 166844.2 138990.9 167409.4 143014.4 210161.6
 [553] 225202.2 192977.8 191352.7 168321.7 149807.8 136950.7 145639.3 117038.5 179977.3 221254.7 185222.9 204557.2
 [565] 153567.2  87683.6 138244.8 157729.4 104444.7 163572.1 172138.5 166803.2 180663.8 206264.8 128888.8 210662.2
 [577] 201681.4 181448.9 191510.3 238493.1 192474.2 148366.9 170017.1 210034.1 170569.0 152186.4 203849.3 198878.6
 [589] 212669.4 213710.7 185752.7  97679.2 206093.2 169959.1 143449.9 165073.0 147989.6  73243.6 181774.0 185974.8
 [601] 119980.9 116649.3 161406.5 162798.0 119557.7 198139.5 172716.6 174222.7 133368.8 139245.6 149472.0 168543.5
 [613] 164350.4 218049.6 167615.1 167946.1 173651.4 164724.2 120250.7  82875.4 139108.9 186564.9 112786.1 146638.4
 [625] 150559.9 162503.3  82772.1 158373.0  93555.6 192990.4 135976.9 183471.4 170841.9 188022.9 179356.1 223542.9
 [637] 210549.4 191896.0 128970.4 218085.0 210407.4 137840.2  95869.1 199918.2 224180.9 199403.8 125645.0 103488.7
 [649] 179203.5 186484.8 146162.9 142763.0 195853.9 173676.5 163159.6 208998.5 192456.4 114530.0 194084.9 171435.1
 [661] 160749.7 174350.9 132611.8 238885.6 150674.9 191678.1 138071.1 156946.5  93721.7 159476.1 234089.3 156808.8
 [673] 148993.0 148735.4 169519.0 251366.6 225032.5 203341.9 173944.7 124769.1 221567.0 155200.2 149559.2 177544.1
 [685] 112791.1 187909.0 119583.6 133162.9 142162.1 184716.3 160194.8 163611.2 167945.7 168409.2 166225.4 145209.5
 [697]  94965.8 158694.7 197613.7 151821.9 162108.1 106740.3 173588.1 184829.0 222487.6 149002.9 127896.4 143528.0
 [709] 185591.0 161938.7 144501.0 216916.3 144730.5 160237.2 152511.4 160486.4 196930.3 148479.5 139720.0 167578.6
 [721] 148513.6 154285.5 198384.9 142490.0 164180.2 162386.7 188660.6 146980.6 205859.5 169316.4 202291.4 195720.6
 [733] 173408.2 209105.0 168842.4 111387.9 129790.7 140794.1  79756.0 104349.5 213685.7 146029.0 111937.1 148494.8
 [745] 196825.4 184312.7 134066.6 208181.6 157771.4 185993.2 125540.9 105831.3 148770.7 227179.8 252345.6 153461.9
 [757] 188145.0 116959.6 112531.7 116050.9 127008.4 139844.3 152800.9 115552.4 124738.1 206113.8 173331.6 129480.0
 [769] 215558.5 169514.7 185894.8 161236.1 214679.3 158305.8 131906.2 166313.2 160118.3 145628.5 120245.2  76298.9
 [781]  80811.8 156085.1 173101.1 208577.3 103057.1 165414.6 184322.8 182365.9 193801.5 124703.0 187679.8 130709.9
 [793] 193785.8 213702.2 237707.3 225290.9  99656.7 185332.0 124267.1 215354.7 183218.9 184941.8 116307.6 128623.0
 [805] 201276.9 155868.6 164266.3 157045.7 182032.0 145196.6 180679.5 239532.9 165799.8 176908.5 147299.1 218816.2
 [817] 220985.9 113972.9 210961.4 169327.4 152406.6 103352.7 127384.4 203519.2 235645.5 140768.5 154049.8 130116.6
 [829] 203247.0 179423.2 161872.0 154518.0 193183.6 196660.4 175696.1 162190.4 154734.4 212372.2 180876.8 166849.0
 [841] 104371.0 176529.3 154824.4 189932.4 136670.4 148972.9 128919.9 182882.4 161155.1 148333.0 184517.6 136059.7
 [853] 146053.3 193897.9 150446.3 178996.1 101637.9 188198.8 170965.8 187765.0 158156.5 143253.3 221262.3 169182.8
 [865] 126035.4 191366.0 160397.2 112938.1 123696.6 215171.3 194971.2 122496.6 103561.1 175821.3 106583.2 143220.0
 [877] 169702.9 118450.3 162187.1 227702.8 138843.0 128601.7 188094.0 143108.3 168292.4 105479.2 179034.5 202970.7
 [889] 106717.7 194502.3 165152.2 141188.1 207692.4 130106.6 143803.1 177941.4  91420.6 168451.5 135578.7 181213.2
 [901] 186274.8 197449.5 161315.2 167942.5 175497.8 207005.5 225017.2 107974.0 241758.3 112353.8 149505.0 184030.7
 [913] 149839.7 155995.2 120284.7 220351.9 212875.5 163794.4 180340.4 122415.2 132804.3 129328.6 181226.1 246810.0
 [925] 164724.5 171455.4 125478.1 161683.9 148566.0 123171.7 193028.2 139403.3 154473.5 193721.7 159509.0 167099.5
 [937] 229949.4 187678.2 128615.8 129368.9 132522.4 135697.8 196274.3 240926.9 146323.3 184043.9 136898.4 160070.5
 [949] 145106.8 183385.6 182931.3 161411.6 139400.2 170512.1 148001.7 202143.2 151654.0 180239.1 165953.5 161543.6
 [961] 181395.9 177532.0 162622.6 172813.4 114770.1 222440.0 184697.4 128958.1 133794.6 133671.4 166128.0 195906.0
 [973] 150267.8  86625.4 154283.1 211152.7 146742.5 146842.8 127633.1 216794.6 155701.6 145591.9 201312.1 168576.5
 [985] 169496.5 159364.4 206773.7 214813.8 220369.2 238541.7 176691.7 216875.6 171284.1 191122.3 173522.3 185415.2
 [997] 163300.0 168761.5 164319.4 132042.9
attr(,"debug")
attr(,"debug")$summary
   Min. 1st Qu.  Median    Mean 3rd Qu.    Max. 
  72665  142650  166110  165427  188041  259352 

attr(,"debug")$total_runs
[1] 1000

attr(,"debug")$samples
     Runs         v
[1,]    7        NA
[2,]    8   810.391
[3,] 1000 24695.531

attr(,"debug")$lci_samples
     Runs      v
[1,]    7 138648
[2,]    8 138765
[3,] 1000 128664

attr(,"debug")$uci_samples
     Runs      v
[1,]    7 210441
[2,]    8 209985
[3,] 1000 214137


$McMpEstERsFDeg$UCModel
$McMpEstERsFDeg$UCModel$median
[1] 166110

$McMpEstERsFDeg$UCModel$UCI
   UCI 
222442 

$McMpEstERsFDeg$UCModel$LCI
   LCI 
108460 

$McMpEstERsFDeg$UCModel$halfWidth
  UCI 
56991 

$McMpEstERsFDeg$UCModel$relativeMargin
     UCI 
0.343092 

$McMpEstERsFDeg$UCModel$conserFactor
[1] 0.15



$ErpaCurrentFRL
[1] 2608900

$ErpaCurrentEmRems
[1] 1405266

$ErpaCurrentERs
[1] 1203634

$ErpaCurrentBalance
[1] 1203634

$IsReversal
[1] FALSE

$RpCanceledERs
[1] 0

$ErpaPercentageClearERs
[1] 1

$RpAdjERs
[1] 1203634

$RpSetaside
[1] 61311.9

$RpPotentialERs
[1] 1142322

$RpBufferedERs
[1] 182771

$RpPooledBufferedERs
[1] 57116.1

$RpERs
[1] 902434

