$errorMatrix
         observed
predicted  111  112  171  172  711  712  777
      111   50    0    0    0    0    0    0
      112    0   48    0    0    0    0    2
      171  585    1    7    0    0    0  417
      172    2  393    0    0    0    0  105
      555 1096    0    6    0    0    0  908
      556    1  421    0    0    0    1   77
      711 1646    0    1    0    2    0 1118
      712    3   38    0    0    0    0    9
      777   14    2    0    0    0    0   34

$errorProportions
         observed
predicted         111         112         171         172         711         712         777
      111 5.43780e-01 0.00000e+00 0.00000e+00 0.00000e+00 0.00000e+00 0.00000e+00 0.00000e+00
      112 0.00000e+00 6.86102e-02 0.00000e+00 0.00000e+00 0.00000e+00 0.00000e+00 2.85876e-03
      171 3.17555e-03 5.42828e-06 3.79980e-05 0.00000e+00 0.00000e+00 0.00000e+00 2.26359e-03
      172 1.94159e-06 3.81522e-04 0.00000e+00 0.00000e+00 0.00000e+00 0.00000e+00 1.01933e-04
      555 8.57531e-03 0.00000e+00 4.69451e-05 0.00000e+00 0.00000e+00 0.00000e+00 7.10436e-03
      556 2.68004e-06 1.12830e-03 0.00000e+00 0.00000e+00 0.00000e+00 2.68004e-06 2.06363e-04
      711 1.00660e-02 0.00000e+00 6.11542e-06 0.00000e+00 1.22308e-05 0.00000e+00 6.83704e-03
      712 1.06395e-05 1.34767e-04 0.00000e+00 0.00000e+00 0.00000e+00 0.00000e+00 3.19185e-05
      777 9.64930e-02 1.37847e-02 0.00000e+00 0.00000e+00 0.00000e+00 0.00000e+00 2.34340e-01

$rs_AA
  class_code class_desc area_mapped_ha area_est_ha aaboot_mean lci_area_ha uci_area_ha
1        111  Stable LF      805894.20 9.81255e+05 9.81471e+05 930046.5723 1.03292e+06
2        112  Stable UF      105918.57 1.24556e+05 1.24452e+05 104086.3206 1.50926e+05
3        171 DF Lowland        8125.29 1.34951e+02 1.34592e+02     78.5619 1.98441e+02
4        172  DF Upland         719.37 0.00000e+00 0.00000e+00      0.0000 0.00000e+00
5        711 AR Lowland       25077.87 1.81264e+01 1.81989e+01      0.0000 4.53160e+01
6        712  AR Upland         262.80 3.97188e+00 3.95401e+00      0.0000 1.19156e+01
7        777  Stable NF      510731.46 3.76055e+05 3.75943e+05 320269.2484 4.29277e+05

$rs_AA_annual_df
  class_desc area_est_ha aaboot_mean lci_area_ha uci_area_ha
1 DF Lowland     67.4754     67.2962     39.2809     99.2207
2  DF Upland      0.0000      0.0000      0.0000      0.0000
3      Total     67.4754     67.2962     39.2809     99.2207

$rs_AA_annual_ar
   class_desc area_est_ha aaboot_mean lci_area_ha uci_area_ha
3  AR Lowland     9.06320     9.09945     0.00000    22.65800
4   AR Upland     1.98594     1.97700     0.00000     5.95782
31      Total    11.04914    11.07645     1.98594    22.65800

$areaLoss
[1] 67.4754  0.0000

$MCaadeforL
   [1]  48.3441  88.0967  78.0902  75.0111  35.2585  65.7376  79.0711  77.8048  50.8766  71.0262  66.2092  44.2842  97.9169  76.0294  58.1268  47.7974  57.6552  58.9214  91.6475  87.5875  57.1836  46.0596  43.3034
  [24]  77.2957  36.7485  76.8240  77.2957  39.2809  44.2842  50.0820  91.6475  79.0335  57.1836  83.0935  39.2809  75.5203  46.8541  67.9846  39.7901  72.4787  87.1534  47.8350  66.7184  69.7225  94.1799  61.2060
  [47]  72.0070  51.3482  79.0711  79.5427  75.5203  61.7152  81.7897  55.3706  76.3148  25.9475  83.0559  69.7225  70.5170  48.3066  63.9622  69.2133  76.0294  33.9923  94.1799  61.6776  63.9246  84.8313  69.2508
  [70]  63.9622  80.8464  59.4306  47.7974  78.5619  36.2393  67.0038  67.4754  31.2361  51.3482  67.5130  47.8350  85.8121  80.0519  83.0935  85.8121  67.0038  34.4639 104.0377  91.3996  62.4722  34.4639  70.5170
  [93]  71.4978  58.9214  45.1163  91.6475  45.5504  93.2367  52.3290  27.6853  39.2809  73.7449  73.2732  71.5354  45.5879  63.9246  79.8656  65.7000  69.7225  73.2732  60.4114  86.6067  68.7416  54.8990  45.5504
 [116]  55.8798  51.3482  50.8766  54.8990  98.6740  98.2023  95.1607  90.1575  55.8423  44.7934  73.2732  90.6667  98.7115  67.9846  26.4191  39.2809  65.2284  43.8125  31.7077  67.4754 104.9810  75.0486  51.3857
 [139]  61.1684  59.4306  78.3140  53.1236 102.7339 104.7331  27.6853  79.0335  58.1268  74.7632  63.4155  74.5395  82.3364  76.5386  83.3173  80.8464  81.8273  85.0551  60.4114  66.7184  59.4306  98.6740  35.2585
 [162]  83.0935  37.5055  70.7033 124.1873  54.6136  90.6291  92.4045  80.0519  59.9398  58.4498  99.6548  77.3332  66.9662  47.8350  56.6744  48.3441  64.2476  87.6251  84.9064  55.8798  68.7792  43.3034  49.1012
 [185]  51.8198  61.2060  69.2508  37.0339  88.0967  65.7376  87.5875  79.5802  70.5170  81.3181  64.7192  51.0628  88.9288 131.4001  84.0367  79.5802  55.6319  40.2993  53.5952  57.1460  61.1684  45.0788  66.4946
 [208]  58.9214  72.2924  61.6776  75.0486  68.4562  55.8798  87.1159  74.5395  85.8121  54.8990  46.0596  80.8464  57.1460  63.9246  54.6136  43.8125  57.1460  61.6776  35.7302  93.1375 101.0336  71.0262  42.5088
 [231]  70.5170  62.9438  80.0143  73.7449  59.9398  59.4306  70.9887  70.5170  47.3258  40.7709  55.8798  45.5879  72.2924  59.4306  70.2316  66.9662  91.6475  84.8689  67.9471  92.1567  48.6295  58.9214  82.5843
 [254]  88.8913  69.2508  61.6776  77.7673  72.7641  68.7416  76.0294  53.6328  57.1460  55.3706  77.2957  55.8798  38.0147  71.9695  80.8089  45.5504  62.9438  47.8350  57.1460  56.6744  85.3405  89.8721  54.8990
 [277]  69.2508  63.7759  58.9214  76.3148  46.8541  88.8537  66.4946  66.6808  44.3217  66.2092  61.6776  59.4306  97.9169  45.5879  54.8990  67.0038  59.1827  67.9846  51.3482  75.5578  71.9695  62.1868  80.8089
 [300]  47.3258  56.3890  57.1460  69.7600  85.3405  70.2316  80.5610  40.2618  89.8721  49.1012  62.1868  54.8990  86.6443  56.6744 106.5085  92.9137 102.9577  73.7449  80.0143  63.9622  41.9996  87.5875  86.8680
 [323]  88.0592  72.5162 102.6964  44.3217  89.8721  51.3482  54.0669  69.2508  63.9246  47.3258  48.3441  43.3034  77.7673  77.8048  66.0230 105.4901  67.9846  71.2500  77.8048  58.6360  80.3373  40.2618  41.5280
 [346]  70.2316  45.5504  82.1127  54.8990  66.9662  69.7225  83.6027  63.4155  61.6776  63.4530  83.5651  81.8273  62.4722 100.4494 116.5766  92.9137  52.3290  58.1268  67.4379  91.6475  64.7192  75.0486  68.7416
 [369]  87.9105  86.1351  58.1268  60.6968  50.8766  51.8574  35.7302  61.6776  31.7077  51.3482  76.3148  48.3066 100.1640  77.2957  65.6625  91.1383  62.9438  58.9214  67.4754  43.3034  28.1945  82.2614  61.6776
 [392]  86.8305  74.7632  68.4938  53.5952  89.8721  73.2357  47.3258  37.5431  70.7408  37.5055  53.1236  76.8240  43.8125  57.6552  83.6402  65.2284  83.5651  47.3258  58.1268  53.1236  54.1419  70.0454  83.5651
 [415]  82.5843  87.5875  53.6328  62.9438  40.7709  62.9438  37.5055  67.4754  49.6103  67.4754  70.7408  83.0935  58.4498  56.6744  85.8497  76.8240  64.7192  57.6552  41.0563  50.8766  97.9169  83.5651  76.8240
 [438]  61.2060  67.9471  40.7709  80.8089  43.8125  88.0967  74.5395  43.7750  79.0711  78.7857  78.5619  83.0559  73.2732  80.0519  76.0670  81.3181  53.1236  61.6776  52.3290  61.2060  71.4978  65.1909  49.6103
 [461]  81.8273  92.4421  56.3890  60.9206 111.2504  77.2581  62.1868  53.1236  58.9214  64.7192  47.3258  57.6552  76.0294  54.1044  70.2692  72.7641  30.9507  80.8089  57.1460  89.6859  99.1456  33.9923  92.1567
 [484]  80.8089 104.4718  51.8574  62.6584  41.5655  59.9022  33.9548  70.9887  64.2476  67.9846  66.9662  66.7184  47.8350  49.5728  41.2801 107.2280  83.0935  52.8757 119.3328  64.7192  99.2207  62.1868  65.2284
 [507]  27.6853  58.1644  54.8990  47.8350  71.4978  57.6176  88.8913  97.4828  50.8766  69.6849  65.7000  67.4754 111.2504  49.6103  84.8689  23.6629 118.8612  47.7974  80.0894  82.1127  57.6552  74.0678 115.3479
 [530]  88.8913  84.5835  59.9022  63.4530  59.3930  74.5395  55.3706  54.1044  73.2732  51.3482  84.8689  45.5879  69.7225  69.7225  53.6328  45.5504  79.5427  41.0563  81.8273 103.7148  57.1460  45.5879  71.4978
 [553]  55.4082  55.4082 101.7531  92.1191  69.2508  41.5280  58.5985  86.8305 106.7564  54.8990  87.6251  94.6516  56.6744  33.4831  94.4037  66.4946  93.9321  46.8541  76.3148  77.8048  57.6552  33.9923  58.4498
 [576]  39.2809  73.2732 123.3552  86.5826  46.0596  61.2060  58.1644  44.8309 101.4302  57.6552  55.3706  54.8990  29.4607  54.1044  95.1983 104.0002  57.1460  72.2924  86.1351  63.4530  70.5170  85.8872  82.3364
 [599]  55.8798  73.2732  83.5651  49.6103  77.8048  41.5280  79.0711  64.7192  51.8198  54.1044 108.4942  69.7225  45.0788  81.8648 101.4677  69.7600  66.9662  78.5619  86.6443  77.2957  50.0820  69.2133  46.8541
 [622]  69.2508  86.1351  69.7600  51.8949  66.9662 110.3071  72.0070  60.6968  68.9654  78.3140  45.0788 100.4494  87.1159  55.4082 104.4718  42.0371  69.2133  41.7893  65.7000  75.0111  45.5504  61.7152  89.3629
 [645]  41.0563  72.2924  47.7974  96.4269  45.5504  55.8798  50.0820  62.4722  48.3441  43.3034  61.6776  76.0670  91.6100  65.1909 135.7454  61.2060  83.0935  70.9887 123.3552 103.7148  84.8689  69.0030  39.2809
 [668]  73.3108  73.7449  73.7824  61.6776 118.8612  72.7641  70.7408  96.5020  84.0367  90.6667  75.0486  16.0897  48.3441  95.1983  65.2284  59.3930  86.1351 108.8547  72.7641  89.1151 102.7339  54.1044  66.2092
 [691]  63.9246  47.8350  57.6552  65.7376 109.0409  69.7225  58.6735  91.8713  88.3821  71.2500  57.1460 112.0825 146.0748  80.8464  59.3930  77.8048  59.3930  97.9169  84.8313  57.6552  40.2618  86.6443  90.6667
 [714]  55.3706  67.9846  91.1383  55.8798  94.2175  72.4411  93.3853  65.7000  69.7225  63.9246  94.6891  86.6443  64.7192  91.1383  87.9105  57.1836  97.4453  88.3821  58.6360  85.8872  71.9695  95.6699  43.8125
 [737]  48.3441  20.6213  46.0596  64.9055  61.6776  61.1684  77.2957  71.0262  84.8313  66.9662  87.1159  61.6776  49.1012  66.9662  69.2508 112.5917  52.3290  85.8497  64.7192  67.4754  61.6776  83.5651  38.0523
 [760]  33.4831 112.5166  58.0893  73.2732  49.5728  92.9513  69.2508  53.5952  45.0788  39.7526  50.0820  74.5395  77.2957  60.6968  77.5194  76.5386  89.8721  66.9662  51.3482  92.6283  53.1236  72.2924  72.7641
 [783]  86.8305  68.7792  71.4978  70.2316  89.3629  77.2957  69.2133  34.4639  84.0743  65.7000  49.6103  47.3258  53.5952 100.9961  61.6401  63.4530  38.5239  65.7376  70.2316  79.1086  76.0670  66.9662  57.6552
 [806]  98.2023  78.2389  57.1460  39.7901  54.8990  36.2393  71.2124  97.4828  86.6443 109.0409  38.0147  95.6699  43.7750  71.4978  48.7782  61.6776  66.2092  55.8798  84.8689  84.0743  88.0967  76.3148  43.3034
 [829]  66.9662  71.0262  81.0702  52.8382  83.0935  67.9846  98.2023  71.4978  51.3857  63.6768  51.1003  41.0563 100.2015 102.9202  64.4338  56.3890  47.3633  73.2357  85.8872  89.3629  65.1909  88.0967  59.3930
 [852]  63.4905  86.6443  68.7792  72.4787  43.3034  73.7449  78.2389  88.8913  77.2957  73.2732  66.6433  75.5578  91.1383  94.1799  59.9022  87.1159  78.5619  89.9096  55.4082  86.6067  47.3258  47.3258  80.8089
 [875]  52.6520  80.3373  55.8798  57.1460  84.8313  50.0820  50.0820  49.6103  56.8606  65.1909  95.1607 104.9810 110.7788  35.7677  30.4415  71.4978  65.7000  74.7632  69.7225  73.2732  72.7641  62.1492  48.3066
 [898]  61.1684  21.8875  80.8089  89.3629  54.8990  81.3181  74.2916  47.8350  79.2573  70.9887  74.5395 114.8012  49.6103  93.4229  67.4754  46.8541  61.2060  71.4978  69.2133  58.6360  50.8766  58.9214  50.4049
 [921]  73.2732  47.3258  99.6923  46.5687  47.0404  90.6291  63.4530  65.7000  57.6552  70.9887  73.2732  51.3857  94.6516  55.4082  69.7225  67.0038  51.8574  64.7192  66.2092  47.7974  72.5537  75.9919  35.7677
 [944]  98.7115  59.9022  88.6059  77.2957  87.1159  62.9438  61.6776  35.7302  75.5203  51.3482  61.6776  53.6328  70.5170  85.3405  86.6443  55.4082  71.9695  68.7416  65.7376  49.1012  65.2284  80.3748  75.0486
 [967]  57.1836  49.6103  69.2133  66.2092  76.0670  59.4306 109.5501  79.5427  69.7600  50.5912  81.3556  72.4787  79.0335  55.4082  31.7077 106.7564  61.4298  77.8048  74.2541  59.9022  51.8574  91.1383  69.0030
 [990]  76.8240  58.6360  39.5047  92.8762  56.6744  71.4978  34.4639  71.9695  67.4754  57.6552  67.4754
 [ reached getOption("max.print") -- omitted 9000 entries ]

$MCaadeforU
   [1] 0 0 0 0 0 0 0 0 0 0 0 0 0 0 0 0 0 0 0 0 0 0 0 0 0 0 0 0 0 0 0 0 0 0 0 0 0 0 0 0 0 0 0 0 0 0 0 0 0 0 0 0 0 0 0 0 0 0 0 0 0 0 0 0 0 0 0 0 0 0 0 0 0 0 0 0 0 0 0 0 0 0 0 0 0 0 0 0 0 0 0 0 0 0 0 0 0 0 0 0 0 0 0 0 0 0 0
 [108] 0 0 0 0 0 0 0 0 0 0 0 0 0 0 0 0 0 0 0 0 0 0 0 0 0 0 0 0 0 0 0 0 0 0 0 0 0 0 0 0 0 0 0 0 0 0 0 0 0 0 0 0 0 0 0 0 0 0 0 0 0 0 0 0 0 0 0 0 0 0 0 0 0 0 0 0 0 0 0 0 0 0 0 0 0 0 0 0 0 0 0 0 0 0 0 0 0 0 0 0 0 0 0 0 0 0 0
 [215] 0 0 0 0 0 0 0 0 0 0 0 0 0 0 0 0 0 0 0 0 0 0 0 0 0 0 0 0 0 0 0 0 0 0 0 0 0 0 0 0 0 0 0 0 0 0 0 0 0 0 0 0 0 0 0 0 0 0 0 0 0 0 0 0 0 0 0 0 0 0 0 0 0 0 0 0 0 0 0 0 0 0 0 0 0 0 0 0 0 0 0 0 0 0 0 0 0 0 0 0 0 0 0 0 0 0 0
 [322] 0 0 0 0 0 0 0 0 0 0 0 0 0 0 0 0 0 0 0 0 0 0 0 0 0 0 0 0 0 0 0 0 0 0 0 0 0 0 0 0 0 0 0 0 0 0 0 0 0 0 0 0 0 0 0 0 0 0 0 0 0 0 0 0 0 0 0 0 0 0 0 0 0 0 0 0 0 0 0 0 0 0 0 0 0 0 0 0 0 0 0 0 0 0 0 0 0 0 0 0 0 0 0 0 0 0 0
 [429] 0 0 0 0 0 0 0 0 0 0 0 0 0 0 0 0 0 0 0 0 0 0 0 0 0 0 0 0 0 0 0 0 0 0 0 0 0 0 0 0 0 0 0 0 0 0 0 0 0 0 0 0 0 0 0 0 0 0 0 0 0 0 0 0 0 0 0 0 0 0 0 0 0 0 0 0 0 0 0 0 0 0 0 0 0 0 0 0 0 0 0 0 0 0 0 0 0 0 0 0 0 0 0 0 0 0 0
 [536] 0 0 0 0 0 0 0 0 0 0 0 0 0 0 0 0 0 0 0 0 0 0 0 0 0 0 0 0 0 0 0 0 0 0 0 0 0 0 0 0 0 0 0 0 0 0 0 0 0 0 0 0 0 0 0 0 0 0 0 0 0 0 0 0 0 0 0 0 0 0 0 0 0 0 0 0 0 0 0 0 0 0 0 0 0 0 0 0 0 0 0 0 0 0 0 0 0 0 0 0 0 0 0 0 0 0 0
 [643] 0 0 0 0 0 0 0 0 0 0 0 0 0 0 0 0 0 0 0 0 0 0 0 0 0 0 0 0 0 0 0 0 0 0 0 0 0 0 0 0 0 0 0 0 0 0 0 0 0 0 0 0 0 0 0 0 0 0 0 0 0 0 0 0 0 0 0 0 0 0 0 0 0 0 0 0 0 0 0 0 0 0 0 0 0 0 0 0 0 0 0 0 0 0 0 0 0 0 0 0 0 0 0 0 0 0 0
 [750] 0 0 0 0 0 0 0 0 0 0 0 0 0 0 0 0 0 0 0 0 0 0 0 0 0 0 0 0 0 0 0 0 0 0 0 0 0 0 0 0 0 0 0 0 0 0 0 0 0 0 0 0 0 0 0 0 0 0 0 0 0 0 0 0 0 0 0 0 0 0 0 0 0 0 0 0 0 0 0 0 0 0 0 0 0 0 0 0 0 0 0 0 0 0 0 0 0 0 0 0 0 0 0 0 0 0 0
 [857] 0 0 0 0 0 0 0 0 0 0 0 0 0 0 0 0 0 0 0 0 0 0 0 0 0 0 0 0 0 0 0 0 0 0 0 0 0 0 0 0 0 0 0 0 0 0 0 0 0 0 0 0 0 0 0 0 0 0 0 0 0 0 0 0 0 0 0 0 0 0 0 0 0 0 0 0 0 0 0 0 0 0 0 0 0 0 0 0 0 0 0 0 0 0 0 0 0 0 0 0 0 0 0 0 0 0 0
 [964] 0 0 0 0 0 0 0 0 0 0 0 0 0 0 0 0 0 0 0 0 0 0 0 0 0 0 0 0 0 0 0 0 0 0 0 0 0
 [ reached getOption("max.print") -- omitted 9000 entries ]

$ARareas
[1] 11.0491

$MCaaaforMean
[1] 11.0765

$MCaaafor
        711     712
1    4.5316 0.00000
2    9.0632 3.97188
3    4.5316 0.00000
4    0.0000 3.97188
5    9.0632 1.98594
6   13.5948 3.97188
7    9.0632 1.98594
8    9.0632 0.00000
9   27.1896 0.00000
10  13.5948 0.00000
11  18.1264 0.00000
12   0.0000 3.97188
13  13.5948 0.00000
14   4.5316 0.00000
15   4.5316 1.98594
16   0.0000 1.98594
17  13.5948 3.97188
18   9.0632 1.98594
19   9.0632 1.98594
20   4.5316 3.97188
21   9.0632 0.00000
22   9.0632 1.98594
23   4.5316 0.00000
24   4.5316 1.98594
25   4.5316 1.98594
26   4.5316 0.00000
27   0.0000 1.98594
28   9.0632 1.98594
29   4.5316 3.97188
30  13.5948 3.97188
31   0.0000 0.00000
32   9.0632 3.97188
33  13.5948 1.98594
34   9.0632 0.00000
35  13.5948 0.00000
36   9.0632 0.00000
37   4.5316 0.00000
38   0.0000 3.97188
39   0.0000 1.98594
40  18.1264 0.00000
41   9.0632 0.00000
42  18.1264 0.00000
43   9.0632 3.97188
44  13.5948 1.98594
45   4.5316 0.00000
46   9.0632 1.98594
47   9.0632 0.00000
48   4.5316 1.98594
49  13.5948 0.00000
50  13.5948 1.98594
51   4.5316 3.97188
52   0.0000 3.97188
53   9.0632 3.97188
54   4.5316 1.98594
55  13.5948 1.98594
56   4.5316 1.98594
57   4.5316 0.00000
58   4.5316 1.98594
59   9.0632 1.98594
60   9.0632 1.98594
61   9.0632 0.00000
62  13.5948 0.00000
63  27.1896 3.97188
64   9.0632 1.98594
65   4.5316 0.00000
66  13.5948 1.98594
67   4.5316 5.95782
68  18.1264 1.98594
69   0.0000 0.00000
70   0.0000 0.00000
71   4.5316 3.97188
72   9.0632 3.97188
73   9.0632 3.97188
74   4.5316 0.00000
75   9.0632 1.98594
76   9.0632 1.98594
77  13.5948 1.98594
78   9.0632 5.95782
79  13.5948 1.98594
80   9.0632 0.00000
81  13.5948 1.98594
82   4.5316 3.97188
83   9.0632 3.97188
84  13.5948 0.00000
85   9.0632 0.00000
86  13.5948 1.98594
87   4.5316 1.98594
88   4.5316 1.98594
89   0.0000 3.97188
90  13.5948 3.97188
91   0.0000 1.98594
92   0.0000 1.98594
93  13.5948 1.98594
94   0.0000 0.00000
95   4.5316 1.98594
96   0.0000 1.98594
97   0.0000 1.98594
98  18.1264 1.98594
99  13.5948 3.97188
100  9.0632 3.97188
101  4.5316 3.97188
102 13.5948 0.00000
103 13.5948 1.98594
104  9.0632 0.00000
105  4.5316 1.98594
106 13.5948 3.97188
107  9.0632 0.00000
108  0.0000 3.97188
109 13.5948 0.00000
110  9.0632 0.00000
111 18.1264 1.98594
112 13.5948 0.00000
113  4.5316 1.98594
114  9.0632 0.00000
115 13.5948 3.97188
116 13.5948 1.98594
117  0.0000 1.98594
118  4.5316 1.98594
119 13.5948 1.98594
120  4.5316 3.97188
121 13.5948 1.98594
122 13.5948 0.00000
123  9.0632 1.98594
124  4.5316 3.97188
125  9.0632 1.98594
126  0.0000 0.00000
127 13.5948 0.00000
128  9.0632 0.00000
129 13.5948 5.95782
130 13.5948 3.97188
131  4.5316 0.00000
132 13.5948 0.00000
133  9.0632 0.00000
134 13.5948 1.98594
135 13.5948 1.98594
136 18.1264 3.97188
137  9.0632 0.00000
138 31.7212 0.00000
139  9.0632 0.00000
140 18.1264 0.00000
141  4.5316 1.98594
142  9.0632 0.00000
143 18.1264 1.98594
144  9.0632 3.97188
145  4.5316 1.98594
146  4.5316 0.00000
147  0.0000 5.95782
148  9.0632 1.98594
149  4.5316 0.00000
150  9.0632 0.00000
151  0.0000 3.97188
152 18.1264 0.00000
153  4.5316 0.00000
154 13.5948 3.97188
155  4.5316 9.92970
156 18.1264 1.98594
157  9.0632 1.98594
158  9.0632 0.00000
159  0.0000 1.98594
160 13.5948 1.98594
161 18.1264 0.00000
162  9.0632 1.98594
163  4.5316 1.98594
164  4.5316 1.98594
165  9.0632 0.00000
166  4.5316 1.98594
167 22.6580 0.00000
168  9.0632 0.00000
169 31.7212 0.00000
170  4.5316 0.00000
171 18.1264 0.00000
172  4.5316 0.00000
173  4.5316 1.98594
174  0.0000 0.00000
175  4.5316 1.98594
176  0.0000 1.98594
177  4.5316 0.00000
178 13.5948 0.00000
179  4.5316 0.00000
180  4.5316 0.00000
181  9.0632 1.98594
182  9.0632 5.95782
183  4.5316 0.00000
184 22.6580 0.00000
185  9.0632 1.98594
186  4.5316 0.00000
187 13.5948 0.00000
188 18.1264 1.98594
189  9.0632 1.98594
190 13.5948 3.97188
191  4.5316 0.00000
192  9.0632 3.97188
193  9.0632 0.00000
194  0.0000 0.00000
195  9.0632 0.00000
196  4.5316 1.98594
197 13.5948 3.97188
198 18.1264 0.00000
199  9.0632 0.00000
200  4.5316 0.00000
201  9.0632 7.94376
202  9.0632 1.98594
203  0.0000 1.98594
204  4.5316 0.00000
205  0.0000 0.00000
206 18.1264 5.95782
207 18.1264 1.98594
208  0.0000 1.98594
209  4.5316 1.98594
210 18.1264 1.98594
211  4.5316 0.00000
212  9.0632 0.00000
213 13.5948 3.97188
214 13.5948 1.98594
215  4.5316 5.95782
216  9.0632 7.94376
217 13.5948 1.98594
218  4.5316 0.00000
219  9.0632 1.98594
220  4.5316 1.98594
221  4.5316 0.00000
222  4.5316 0.00000
223  9.0632 0.00000
224 13.5948 0.00000
225  9.0632 3.97188
226  9.0632 3.97188
227  4.5316 0.00000
228 18.1264 5.95782
229  0.0000 3.97188
230  4.5316 5.95782
231  4.5316 0.00000
232  9.0632 1.98594
233 18.1264 3.97188
234  4.5316 0.00000
235  9.0632 9.92970
236 18.1264 0.00000
237  9.0632 1.98594
238  9.0632 0.00000
239  9.0632 3.97188
240  0.0000 1.98594
241  4.5316 1.98594
242 13.5948 1.98594
243 13.5948 1.98594
244 13.5948 3.97188
245  0.0000 5.95782
246 13.5948 0.00000
247  4.5316 1.98594
248  9.0632 1.98594
249  9.0632 1.98594
250  0.0000 3.97188
251  9.0632 1.98594
252 18.1264 0.00000
253 13.5948 3.97188
254  0.0000 0.00000
255  9.0632 1.98594
256 18.1264 1.98594
257  0.0000 0.00000
258  9.0632 0.00000
259  9.0632 0.00000
260  4.5316 0.00000
261  4.5316 0.00000
262 13.5948 3.97188
263 13.5948 1.98594
264  9.0632 1.98594
265  0.0000 1.98594
266 13.5948 5.95782
267  9.0632 1.98594
268  9.0632 1.98594
269 13.5948 0.00000
270  4.5316 1.98594
271  4.5316 1.98594
272  4.5316 1.98594
273 13.5948 1.98594
274  4.5316 0.00000
275 13.5948 1.98594
276  9.0632 0.00000
277 13.5948 5.95782
278 27.1896 1.98594
279  4.5316 1.98594
280  9.0632 1.98594
281  9.0632 1.98594
282  0.0000 1.98594
283  9.0632 3.97188
284  9.0632 3.97188
285  4.5316 0.00000
286  0.0000 1.98594
287 13.5948 0.00000
288  0.0000 3.97188
289  9.0632 1.98594
290 13.5948 0.00000
291 13.5948 0.00000
292 13.5948 3.97188
293  0.0000 0.00000
294  0.0000 1.98594
295  4.5316 1.98594
296  9.0632 0.00000
297 18.1264 0.00000
298  9.0632 1.98594
299 13.5948 7.94376
300  9.0632 0.00000
301  4.5316 0.00000
302  4.5316 3.97188
303  4.5316 7.94376
304 31.7212 1.98594
305  4.5316 1.98594
306  9.0632 0.00000
307  4.5316 0.00000
308  4.5316 1.98594
309 18.1264 1.98594
310  0.0000 0.00000
311  4.5316 0.00000
312  9.0632 5.95782
313  4.5316 0.00000
314 13.5948 7.94376
315 22.6580 3.97188
316  9.0632 3.97188
317 27.1896 1.98594
318  0.0000 1.98594
319  9.0632 1.98594
320  0.0000 0.00000
321  9.0632 1.98594
322  4.5316 5.95782
323  0.0000 3.97188
324 18.1264 0.00000
325 18.1264 3.97188
326 13.5948 1.98594
327  9.0632 0.00000
328  9.0632 3.97188
329  4.5316 0.00000
330  4.5316 1.98594
331  9.0632 1.98594
332 13.5948 0.00000
333  4.5316 1.98594
334 18.1264 0.00000
335  4.5316 1.98594
336 13.5948 1.98594
337 13.5948 1.98594
338  4.5316 1.98594
339 22.6580 0.00000
340 13.5948 5.95782
341  0.0000 0.00000
342  9.0632 1.98594
343  9.0632 0.00000
344  9.0632 3.97188
345  0.0000 0.00000
346  0.0000 3.97188
347  4.5316 1.98594
348  4.5316 3.97188
349  4.5316 0.00000
350  9.0632 1.98594
351  9.0632 3.97188
352  4.5316 0.00000
353  4.5316 1.98594
354  4.5316 1.98594
355  4.5316 1.98594
356  9.0632 1.98594
357  4.5316 0.00000
358 13.5948 1.98594
359  4.5316 5.95782
360  9.0632 1.98594
361  9.0632 1.98594
362 13.5948 0.00000
363  4.5316 0.00000
364 13.5948 3.97188
365 18.1264 1.98594
366  9.0632 0.00000
367  0.0000 0.00000
368  9.0632 0.00000
369  0.0000 9.92970
370 18.1264 1.98594
371  9.0632 0.00000
372 13.5948 1.98594
373  0.0000 0.00000
374  9.0632 1.98594
375 22.6580 0.00000
376  9.0632 1.98594
377  4.5316 0.00000
378  9.0632 3.97188
379  4.5316 5.95782
380  9.0632 1.98594
381 13.5948 1.98594
382  9.0632 0.00000
383  9.0632 1.98594
384  4.5316 0.00000
385  0.0000 0.00000
386 13.5948 0.00000
387 13.5948 0.00000
388 13.5948 0.00000
389  9.0632 1.98594
390  4.5316 0.00000
391 18.1264 0.00000
392 18.1264 0.00000
393  9.0632 3.97188
394  9.0632 0.00000
395  9.0632 3.97188
396 13.5948 1.98594
397  9.0632 3.97188
398  4.5316 1.98594
399 13.5948 3.97188
400 31.7212 1.98594
401 22.6580 1.98594
402  4.5316 1.98594
403  9.0632 3.97188
404  9.0632 1.98594
405 13.5948 1.98594
406 27.1896 0.00000
407 18.1264 3.97188
408 18.1264 1.98594
409  4.5316 1.98594
410  4.5316 1.98594
411  4.5316 0.00000
412  9.0632 1.98594
413 22.6580 1.98594
414  4.5316 1.98594
415 13.5948 1.98594
416  9.0632 1.98594
417  9.0632 0.00000
418  0.0000 0.00000
419  9.0632 0.00000
420  9.0632 3.97188
421  0.0000 0.00000
422 13.5948 1.98594
423  0.0000 0.00000
424  0.0000 1.98594
425  9.0632 3.97188
426  4.5316 3.97188
427  4.5316 3.97188
428  9.0632 1.98594
429  9.0632 0.00000
430  4.5316 1.98594
431  0.0000 5.95782
432 13.5948 1.98594
433  4.5316 1.98594
434  0.0000 1.98594
435 18.1264 3.97188
436  0.0000 3.97188
437 13.5948 3.97188
438  4.5316 0.00000
439  9.0632 3.97188
440  4.5316 3.97188
441 27.1896 1.98594
442  4.5316 5.95782
443  4.5316 0.00000
444  9.0632 0.00000
445  9.0632 5.95782
446  4.5316 1.98594
447  4.5316 1.98594
448 13.5948 3.97188
449  9.0632 3.97188
450 13.5948 3.97188
451 13.5948 3.97188
452  4.5316 0.00000
453  0.0000 0.00000
454  9.0632 3.97188
455 13.5948 3.97188
456  4.5316 1.98594
457 13.5948 3.97188
458  4.5316 1.98594
459 22.6580 5.95782
460  4.5316 1.98594
461  9.0632 0.00000
462  4.5316 0.00000
463  9.0632 0.00000
464  0.0000 1.98594
465  9.0632 3.97188
466  0.0000 5.95782
467  0.0000 0.00000
468  9.0632 1.98594
469  9.0632 1.98594
470  0.0000 1.98594
471 13.5948 3.97188
472  0.0000 0.00000
473  4.5316 5.95782
474  9.0632 1.98594
475  4.5316 1.98594
476 22.6580 1.98594
477  4.5316 1.98594
478  4.5316 3.97188
479 22.6580 0.00000
480  4.5316 1.98594
481  4.5316 3.97188
482 18.1264 7.94376
483  0.0000 0.00000
484  9.0632 0.00000
485  0.0000 3.97188
486  9.0632 1.98594
487  4.5316 5.95782
488 13.5948 0.00000
489  4.5316 1.98594
490 13.5948 1.98594
491  0.0000 1.98594
492 18.1264 1.98594
493 13.5948 5.95782
494 13.5948 1.98594
495  9.0632 5.95782
496 18.1264 5.95782
497  9.0632 0.00000
498  4.5316 5.95782
499 18.1264 3.97188
500  4.5316 0.00000
 [ reached 'max' / getOption("max.print") -- omitted 9500 rows ]

$period
$period$start
[1] 2023

$period$end
[1] 2024

$period$description
[1] "2023-2024"

$period$MpDays
[1] 730

$period$RpDays
[1] 730

$period$IsRpEqualToMp
[1] TRUE

$period$RpMpRatio
[1] 1

$period$RpMpProrataYears
[1] 2


